30 55
1 2 186
1 3 374
1 4 691
1 5 99
1 6 777
1 7 230
1 8 513
1 9 407
1 10 74
1 11 619
3 12 883
6 13 722
9 14 263
9 15 371
8 16 988
2 17 509
7 18 931
6 19 98
6 20 449
6 21 707
19 22 850
18 23 163
21 24 759
23 25 714
18 26 719
20 27 77
9 28 504
17 29 913
20 30 69
21 30 994
22 30 234
23 30 551
24 30 933
25 30 819
26 30 362
27 30 90
28 30 700
29 30 606
10 2 1005
6 19 477
22 21 943
3 2 588
24 5 610
2 24 465
8 12 328
23 4 512
16 11 633
28 16 284
20 24 844
12 13 61
11 5 613
12 19 873
7 13 552
11 13 611
6 3 73